0.000000 0.000000
0.006669 0.000000
0.013338 0.000000
0.020007 0.000000
0.026676 0.000001
0.033344 0.000001
0.040013 0.000002
0.046682 0.000002
0.053351 0.000003
0.060020 0.000003
0.066689 0.000004
0.073358 0.000005
0.080027 0.000006
0.086696 0.000007
0.093364 0.000008
0.100033 0.000009
0.106702 0.000010
0.113371 0.000011
0.120040 0.000013
0.126709 0.000014
0.133378 0.000015
0.140047 0.000016
0.146716 0.000018
0.153384 0.000019
0.160053 0.000020
0.166722 0.000022
0.173391 0.000023
0.180060 0.000025
0.186729 0.000026
0.193398 0.000027
0.200067 0.000028
0.206736 0.000030
0.213404 0.000031
0.220073 0.000032
0.226742 0.000033
0.233411 0.000034
0.240080 0.000036
0.246749 0.000037
0.253418 0.000038
0.260087 0.000039
0.266756 0.000039
0.273424 0.000040
0.280093 0.000041
0.286762 0.000042
0.293431 0.000043
0.300100 0.000043
0.306769 0.000044
0.313438 0.000044
0.320107 0.000045
0.326776 0.000045
0.333444 0.000046
0.340113 0.000046
0.346782 0.000046
0.353451 0.000047
0.360120 0.000047
0.366789 0.000047
0.373458 0.000047
0.380127 0.000047
0.386796 0.000047
0.393464 0.000047
0.400133 0.000047
0.406802 0.000047
0.413471 0.000047
0.420140 0.000047
0.426809 0.000047
0.433478 0.000046
0.440147 0.000046
0.446816 0.000046
0.453484 0.000046
0.460153 0.000045
0.466822 0.000045
0.473491 0.000045
0.480160 0.000045
0.486829 0.000044
0.493498 0.000044
0.500167 0.000044
0.506836 0.000043
0.513505 0.000043
0.520173 0.000042
0.526842 0.000042
0.533511 0.000042
0.540180 0.000041
0.546849 0.000041
0.553518 0.000041
0.560187 0.000040
0.566856 0.000040
0.573525 0.000040
0.580193 0.000039
0.586862 0.000039
0.593531 0.000039
0.600200 0.000038
0.606869 0.000038
0.613538 0.000038
0.620207 0.000037
0.626876 0.000037
0.633545 0.000037
0.640213 0.000037
0.646882 0.000036
0.653551 0.000036
0.660220 0.000036
0.666889 0.000036
0.673558 0.000035
0.680227 0.000035
0.686896 0.000035
0.693565 0.000035
0.700233 0.000034
0.706902 0.000034
0.713571 0.000034
0.720240 0.000034
0.726909 0.000034
0.733578 0.000033
0.740247 0.000033
0.746916 0.000033
0.753585 0.000033
0.760253 0.000033
0.766922 0.000033
0.773591 0.000032
0.780260 0.000032
0.786929 0.000032
0.793598 0.000032
0.800267 0.000032
0.806936 0.000031
0.813605 0.000031
0.820273 0.000031
0.826942 0.000031
0.833611 0.000030
0.840280 0.000030
0.846949 0.000030
0.853618 0.000029
0.860287 0.000029
0.866956 0.000029
0.873625 0.000028
0.880293 0.000028
0.886962 0.000027
0.893631 0.000027
0.900300 0.000027
0.906969 0.000026
0.913638 0.000025
0.920307 0.000025
0.926976 0.000024
0.933645 0.000024
0.940313 0.000023
0.946982 0.000022
0.953651 0.000022
0.960320 0.000021
0.966989 0.000020
0.973658 0.000019
0.980327 0.000018
0.986996 0.000017
0.993665 0.000016
1.000333 0.000015
1.007002 0.000014
1.013671 0.000013
1.020340 0.000012
1.027009 0.000011
1.033678 0.000010
1.040347 0.000009
1.047016 0.000008
1.053685 0.000007
1.060353 0.000005
1.067022 0.000004
1.073691 0.000003
1.080360 0.000002
1.087029 0.000000
1.093698 -0.000001
1.100367 -0.000002
1.107036 -0.000004
1.113705 -0.000005
1.120373 -0.000007
1.127042 -0.000008
1.133711 -0.000010
1.140380 -0.000011
1.147049 -0.000013
1.153718 -0.000014
1.160387 -0.000016
1.167056 -0.000017
1.173725 -0.000019
1.180393 -0.000021
1.187062 -0.000022
1.193731 -0.000024
1.200400 -0.000026
1.207069 -0.000028
1.213738 -0.000029
1.220407 -0.000031
1.227076 -0.000033
1.233745 -0.000035
1.240413 -0.000037
1.247082 -0.000039
1.253751 -0.000041
1.260420 -0.000043
1.267089 -0.000045
1.273758 -0.000047
1.280427 -0.000049
1.287096 -0.000051
1.293765 -0.000053
1.300433 -0.000055
1.307102 -0.000057
1.313771 -0.000059
1.320440 -0.000061
1.327109 -0.000064
1.333778 -0.000066
1.340447 -0.000068
1.347116 -0.000070
1.353785 -0.000073
1.360453 -0.000075
1.367122 -0.000077
1.373791 -0.000079
1.380460 -0.000081
1.387129 -0.000084
1.393798 -0.000086
1.400467 -0.000088
1.407136 -0.000090
1.413805 -0.000093
1.420473 -0.000095
1.427142 -0.000097
1.433811 -0.000099
1.440480 -0.000101
1.447149 -0.000103
1.453818 -0.000105
1.460487 -0.000107
1.467156 -0.000109
1.473825 -0.000110
1.480493 -0.000112
1.487162 -0.000114
1.493831 -0.000115
1.500500 -0.000117
1.507169 -0.000118
1.513838 -0.000120
1.520507 -0.000121
1.527176 -0.000122
1.533845 -0.000123
1.540514 -0.000124
1.547182 -0.000125
1.553851 -0.000126
1.560520 -0.000127
1.567189 -0.000128
1.573858 -0.000128
1.580527 -0.000129
1.587196 -0.000129
1.593865 -0.000130
1.600534 -0.000130
1.607202 -0.000130
1.613871 -0.000130
1.620540 -0.000130
1.627209 -0.000130
1.633878 -0.000129
1.640547 -0.000129
1.647216 -0.000129
1.653885 -0.000128
1.660554 -0.000128
1.667222 -0.000127
1.673891 -0.000126
1.680560 -0.000125
1.687229 -0.000124
1.693898 -0.000123
1.700567 -0.000122
1.707236 -0.000121
1.713905 -0.000120
1.720574 -0.000118
1.727242 -0.000117
1.733911 -0.000115
1.740580 -0.000114
1.747249 -0.000112
1.753918 -0.000110
1.760587 -0.000109
1.767256 -0.000107
1.773925 -0.000105
1.780594 -0.000103
1.787262 -0.000101
1.793931 -0.000099
1.800600 -0.000097
1.807269 -0.000095
1.813938 -0.000092
1.820607 -0.000090
1.827276 -0.000088
1.833945 -0.000086
1.840614 -0.000083
1.847282 -0.000081
1.853951 -0.000078
1.860620 -0.000076
1.867289 -0.000073
1.873958 -0.000071
1.880627 -0.000068
1.887296 -0.000066
1.893965 -0.000063
1.900634 -0.000060
1.907302 -0.000058
1.913971 -0.000055
1.920640 -0.000052
1.927309 -0.000050
1.933978 -0.000047
1.940647 -0.000045
1.947316 -0.000042
1.953985 -0.000039
1.960654 -0.000037
1.967322 -0.000034
1.973991 -0.000032
1.980660 -0.000029
1.987329 -0.000027
1.993998 -0.000024
2.000667 -0.000022
2.007336 -0.000020
2.014005 -0.000018
2.020674 -0.000016
2.027342 -0.000014
2.034011 -0.000012
2.040680 -0.000010
2.047349 -0.000008
2.054018 -0.000006
2.060687 -0.000004
2.067356 -0.000003
2.074025 -0.000001
2.080694 0.000000
2.087362 0.000002
2.094031 0.000003
2.100700 0.000004
2.107369 0.000005
2.114038 0.000006
2.120707 0.000007
2.127376 0.000008
2.134045 0.000009
2.140714 0.000010
2.147382 0.000010
2.154051 0.000011
2.160720 0.000012
2.167389 0.000012
2.174058 0.000012
2.180727 0.000013
2.187396 0.000013
2.194065 0.000014
2.200734 0.000014
2.207402 0.000014
2.214071 0.000014
2.220740 0.000014
2.227409 0.000015
2.234078 0.000015
2.240747 0.000015
2.247416 0.000015
2.254085 0.000015
2.260754 0.000016
2.267422 0.000016
2.274091 0.000016
2.280760 0.000016
2.287429 0.000017
2.294098 0.000017
2.300767 0.000017
2.307436 0.000018
2.314105 0.000018
2.320774 0.000018
2.327442 0.000019
2.334111 0.000019
2.340780 0.000020
2.347449 0.000020
2.354118 0.000021
2.360787 0.000022
2.367456 0.000022
2.374125 0.000023
2.380794 0.000023
2.387462 0.000024
2.394131 0.000025
2.400800 0.000025
2.407469 0.000026
2.414138 0.000027
2.420807 0.000027
2.427476 0.000028
2.434145 0.000029
2.440814 0.000029
2.447482 0.000030
2.454151 0.000030
2.460820 0.000031
2.467489 0.000031
2.474158 0.000032
2.480827 0.000032
2.487496 0.000032
2.494165 0.000032
2.500834 0.000033
2.507503 0.000033
2.514171 0.000033
2.520840 0.000032
2.527509 0.000032
2.534178 0.000032
2.540847 0.000032
2.547516 0.000031
2.554185 0.000031
2.560854 0.000030
2.567523 0.000030
2.574191 0.000029
2.580860 0.000028
2.587529 0.000028
2.594198 0.000027
2.600867 0.000026
2.607536 0.000025
2.614205 0.000024
2.620874 0.000023
2.627543 0.000021
2.634211 0.000020
2.640880 0.000019
2.647549 0.000018
2.654218 0.000017
2.660887 0.000015
2.667556 0.000014
2.674225 0.000012
2.680894 0.000011
2.687563 0.000010
2.694231 0.000008
2.700900 0.000007
2.707569 0.000005
2.714238 0.000004
2.720907 0.000003
2.727576 0.000001
2.734245 -0.000000
2.740914 -0.000002
2.747583 -0.000003
2.754251 -0.000004
2.760920 -0.000006
2.767589 -0.000007
2.774258 -0.000009
2.780927 -0.000010
2.787596 -0.000011
2.794265 -0.000013
2.800934 -0.000014
2.807603 -0.000015
2.814271 -0.000017
2.820940 -0.000018
2.827609 -0.000019
2.834278 -0.000021
2.840947 -0.000022
2.847616 -0.000023
2.854285 -0.000025
2.860954 -0.000026
2.867623 -0.000028
2.874291 -0.000029
2.880960 -0.000030
2.887629 -0.000032
2.894298 -0.000033
2.900967 -0.000035
2.907636 -0.000036
2.914305 -0.000038
2.920974 -0.000039
2.927643 -0.000041
2.934311 -0.000042
2.940980 -0.000044
2.947649 -0.000045
2.954318 -0.000047
2.960987 -0.000048
2.967656 -0.000049
2.974325 -0.000051
2.980994 -0.000052
2.987663 -0.000054
2.994331 -0.000055
3.001000 -0.000056
3.007669 -0.000057
3.014338 -0.000058
3.021007 -0.000059
3.027676 -0.000060
3.034345 -0.000061
3.041014 -0.000062
3.047683 -0.000063
3.054351 -0.000064
3.061020 -0.000064
3.067689 -0.000065
3.074358 -0.000065
3.081027 -0.000065
3.087696 -0.000066
3.094365 -0.000066
3.101034 -0.000066
3.107703 -0.000066
3.114371 -0.000065
3.121040 -0.000065
3.127709 -0.000065
3.134378 -0.000064
3.141047 -0.000064
3.147716 -0.000063
3.154385 -0.000062
3.161054 -0.000061
3.167723 -0.000061
3.174391 -0.000060
3.181060 -0.000059
3.187729 -0.000058
3.194398 -0.000057
3.201067 -0.000055
3.207736 -0.000054
3.214405 -0.000053
3.221074 -0.000052
3.227743 -0.000051
3.234411 -0.000050
3.241080 -0.000049
3.247749 -0.000048
3.254418 -0.000047
3.261087 -0.000046
3.267756 -0.000045
3.274425 -0.000044
3.281094 -0.000043
3.287763 -0.000043
3.294431 -0.000042
3.301100 -0.000041
3.307769 -0.000041
3.314438 -0.000041
3.321107 -0.000040
3.327776 -0.000040
3.334445 -0.000040
3.341114 -0.000040
3.347783 -0.000040
3.354451 -0.000041
3.361120 -0.000041
3.367789 -0.000041
3.374458 -0.000042
3.381127 -0.000042
3.387796 -0.000043
3.394465 -0.000043
3.401134 -0.000044
3.407803 -0.000045
3.414471 -0.000045
3.421140 -0.000046
3.427809 -0.000047
3.434478 -0.000047
3.441147 -0.000048
3.447816 -0.000049
3.454485 -0.000049
3.461154 -0.000050
3.467823 -0.000051
3.474491 -0.000051
3.481160 -0.000051
3.487829 -0.000052
3.494498 -0.000052
3.501167 -0.000052
3.507836 -0.000052
3.514505 -0.000052
3.521174 -0.000052
3.527843 -0.000052
3.534512 -0.000052
3.541180 -0.000051
3.547849 -0.000051
3.554518 -0.000050
3.561187 -0.000050
3.567856 -0.000049
3.574525 -0.000048
3.581194 -0.000047
3.587863 -0.000046
3.594532 -0.000045
3.601200 -0.000044
3.607869 -0.000042
3.614538 -0.000041
3.621207 -0.000040
3.627876 -0.000038
3.634545 -0.000037
3.641214 -0.000036
3.647883 -0.000034
3.654552 -0.000033
3.661220 -0.000031
3.667889 -0.000030
3.674558 -0.000029
3.681227 -0.000028
3.687896 -0.000027
3.694565 -0.000025
3.701234 -0.000024
3.707903 -0.000023
3.714572 -0.000023
3.721240 -0.000022
3.727909 -0.000021
3.734578 -0.000021
3.741247 -0.000020
3.747916 -0.000020
3.754585 -0.000019
3.761254 -0.000019
3.767923 -0.000019
3.774592 -0.000019
3.781260 -0.000019
3.787929 -0.000019
3.794598 -0.000019
3.801267 -0.000020
3.807936 -0.000020
3.814605 -0.000020
3.821274 -0.000021
3.827943 -0.000021
3.834612 -0.000022
3.841280 -0.000022
3.847949 -0.000022
3.854618 -0.000023
3.861287 -0.000023
3.867956 -0.000024
3.874625 -0.000024
3.881294 -0.000024
3.887963 -0.000025
3.894632 -0.000025
3.901300 -0.000025
3.907969 -0.000025
3.914638 -0.000025
3.921307 -0.000025
3.927976 -0.000025
3.934645 -0.000024
3.941314 -0.000024
3.947983 -0.000024
3.954652 -0.000023
3.961320 -0.000022
3.967989 -0.000021
3.974658 -0.000021
3.981327 -0.000020
3.987996 -0.000019
3.994665 -0.000018
4.001334 -0.000016
4.008003 -0.000015
4.014672 -0.000014
4.021340 -0.000013
4.028009 -0.000011
4.034678 -0.000010
4.041347 -0.000009
4.048016 -0.000008
4.054685 -0.000006
4.061354 -0.000005
4.068023 -0.000004
4.074692 -0.000003
4.081360 -0.000002
4.088029 -0.000001
4.094698 -0.000000
4.101367 0.000001
4.108036 0.000001
4.114705 0.000002
4.121374 0.000002
4.128043 0.000002
4.134712 0.000002
4.141380 0.000002
4.148049 0.000002
4.154718 0.000002
4.161387 0.000001
4.168056 0.000000
4.174725 -0.000000
4.181394 -0.000001
4.188063 -0.000002
4.194732 -0.000004
4.201400 -0.000005
4.208069 -0.000006
4.214738 -0.000008
4.221407 -0.000009
4.228076 -0.000011
4.234745 -0.000012
4.241414 -0.000014
4.248083 -0.000016
4.254752 -0.000018
4.261420 -0.000019
4.268089 -0.000021
4.274758 -0.000023
4.281427 -0.000024
4.288096 -0.000026
4.294765 -0.000027
4.301434 -0.000029
4.308103 -0.000030
4.314772 -0.000031
4.321440 -0.000032
4.328109 -0.000033
4.334778 -0.000034
4.341447 -0.000034
4.348116 -0.000035
4.354785 -0.000035
4.361454 -0.000035
4.368123 -0.000036
4.374792 -0.000035
4.381460 -0.000035
4.388129 -0.000035
4.394798 -0.000034
4.401467 -0.000034
4.408136 -0.000033
4.414805 -0.000032
4.421474 -0.000031
4.428143 -0.000030
4.434812 -0.000029
4.441480 -0.000027
4.448149 -0.000026
4.454818 -0.000025
4.461487 -0.000023
4.468156 -0.000022
4.474825 -0.000021
4.481494 -0.000019
4.488163 -0.000018
4.494832 -0.000017
4.501501 -0.000016
4.508169 -0.000014
4.514838 -0.000013
4.521507 -0.000012
4.528176 -0.000012
4.534845 -0.000011
4.541514 -0.000010
4.548183 -0.000010
4.554852 -0.000009
4.561521 -0.000009
4.568189 -0.000009
4.574858 -0.000009
4.581527 -0.000009
4.588196 -0.000010
4.594865 -0.000010
4.601534 -0.000011
4.608203 -0.000011
4.614872 -0.000012
4.621541 -0.000013
4.628209 -0.000014
4.634878 -0.000015
4.641547 -0.000016
4.648216 -0.000017
4.654885 -0.000019
4.661554 -0.000020
4.668223 -0.000021
4.674892 -0.000022
4.681561 -0.000023
4.688229 -0.000025
4.694898 -0.000026
4.701567 -0.000027
4.708236 -0.000028
4.714905 -0.000028
4.721574 -0.000029
4.728243 -0.000030
4.734912 -0.000030
4.741581 -0.000031
4.748249 -0.000031
4.754918 -0.000031
4.761587 -0.000031
4.768256 -0.000031
4.774925 -0.000031
4.781594 -0.000031
4.788263 -0.000030
4.794932 -0.000030
4.801601 -0.000029
4.808269 -0.000028
4.814938 -0.000028
4.821607 -0.000027
4.828276 -0.000026
4.834945 -0.000025
4.841614 -0.000024
4.848283 -0.000023
4.854952 -0.000022
4.861621 -0.000021
4.868289 -0.000020
4.874958 -0.000019
4.881627 -0.000018
4.888296 -0.000018
4.894965 -0.000017
4.901634 -0.000017
4.908303 -0.000016
4.914972 -0.000016
4.921641 -0.000017
4.928309 -0.000017
4.934978 -0.000018
4.941647 -0.000018
4.948316 -0.000019
4.954985 -0.000021
4.961654 -0.000022
4.968323 -0.000024
4.974992 -0.000026
4.981661 -0.000029
4.988329 -0.000031
4.994998 -0.000034
5.001667 -0.000037
5.008336 -0.000041
5.015005 -0.000044
5.021674 -0.000048
5.028343 -0.000052
5.035012 -0.000056
5.041681 -0.000061
5.048349 -0.000065
5.055018 -0.000070
5.061687 -0.000074
5.068356 -0.000079
5.075025 -0.000084
5.081694 -0.000089
5.088363 -0.000094
5.095032 -0.000099
5.101701 -0.000104
5.108369 -0.000109
5.115038 -0.000114
5.121707 -0.000119
5.128376 -0.000124
5.135045 -0.000128
5.141714 -0.000133
5.148383 -0.000137
5.155052 -0.000141
5.161721 -0.000146
5.168389 -0.000149
5.175058 -0.000153
5.181727 -0.000157
5.188396 -0.000160
5.195065 -0.000163
5.201734 -0.000166
5.208403 -0.000169
5.215072 -0.000172
5.221741 -0.000174
5.228409 -0.000176
5.235078 -0.000178
5.241747 -0.000181
5.248416 -0.000182
5.255085 -0.000184
5.261754 -0.000186
5.268423 -0.000188
5.275092 -0.000189
5.281761 -0.000191
5.288429 -0.000192
5.295098 -0.000194
5.301767 -0.000196
5.308436 -0.000197
5.315105 -0.000199
5.321774 -0.000201
5.328443 -0.000203
5.335112 -0.000205
5.341781 -0.000207
5.348449 -0.000209
5.355118 -0.000212
5.361787 -0.000214
5.368456 -0.000217
5.375125 -0.000220
5.381794 -0.000223
5.388463 -0.000227
5.395132 -0.000230
5.401801 -0.000234
5.408469 -0.000238
5.415138 -0.000242
5.421807 -0.000246
5.428476 -0.000250
5.435145 -0.000254
5.441814 -0.000259
5.448483 -0.000264
5.455152 -0.000268
5.461821 -0.000273
5.468489 -0.000278
5.475158 -0.000282
5.481827 -0.000287
5.488496 -0.000292
5.495165 -0.000296
5.501834 -0.000301
5.508503 -0.000305
5.515172 -0.000309
5.521841 -0.000313
5.528510 -0.000317
5.535178 -0.000321
5.541847 -0.000324
5.548516 -0.000328
5.555185 -0.000331
5.561854 -0.000333
5.568523 -0.000336
5.575192 -0.000338
5.581861 -0.000340
5.588530 -0.000341
5.595198 -0.000342
5.601867 -0.000343
5.608536 -0.000344
5.615205 -0.000344
5.621874 -0.000344
5.628543 -0.000344
5.635212 -0.000344
5.641881 -0.000343
5.648550 -0.000342
5.655218 -0.000341
5.661887 -0.000340
5.668556 -0.000338
5.675225 -0.000337
5.681894 -0.000335
5.688563 -0.000333
5.695232 -0.000332
5.701901 -0.000330
5.708570 -0.000328
5.715238 -0.000326
5.721907 -0.000325
5.728576 -0.000323
5.735245 -0.000322
5.741914 -0.000320
5.748583 -0.000319
5.755252 -0.000318
5.761921 -0.000318
5.768590 -0.000317
5.775258 -0.000317
5.781927 -0.000317
5.788596 -0.000317
5.795265 -0.000317
5.801934 -0.000318
5.808603 -0.000319
5.815272 -0.000321
5.821941 -0.000322
5.828610 -0.000324
5.835278 -0.000326
5.841947 -0.000328
5.848616 -0.000331
5.855285 -0.000334
5.861954 -0.000337
5.868623 -0.000340
5.875292 -0.000343
5.881961 -0.000346
5.888630 -0.000350
5.895298 -0.000353
5.901967 -0.000357
5.908636 -0.000360
5.915305 -0.000364
5.921974 -0.000367
5.928643 -0.000371
5.935312 -0.000374
5.941981 -0.000377
5.948650 -0.000380
5.955318 -0.000383
5.961987 -0.000386
5.968656 -0.000388
5.975325 -0.000391
5.981994 -0.000393
5.988663 -0.000394
5.995332 -0.000396
6.002001 -0.000397
6.008670 -0.000398
6.015338 -0.000398
6.022007 -0.000399
6.028676 -0.000399
6.035345 -0.000399
6.042014 -0.000398
6.048683 -0.000398
6.055352 -0.000397
6.062021 -0.000396
6.068690 -0.000395
6.075358 -0.000393
6.082027 -0.000392
6.088696 -0.000390
6.095365 -0.000389
6.102034 -0.000387
6.108703 -0.000385
6.115372 -0.000383
6.122041 -0.000382
6.128710 -0.000380
6.135378 -0.000379
6.142047 -0.000377
6.148716 -0.000376
6.155385 -0.000375
6.162054 -0.000374
6.168723 -0.000373
6.175392 -0.000373
6.182061 -0.000373
6.188730 -0.000373
6.195398 -0.000373
6.202067 -0.000374
6.208736 -0.000375
6.215405 -0.000376
6.222074 -0.000378
6.228743 -0.000380
6.235412 -0.000382
6.242081 -0.000384
6.248750 -0.000387
6.255418 -0.000390
6.262087 -0.000393
6.268756 -0.000396
6.275425 -0.000400
6.282094 -0.000403
6.288763 -0.000407
6.295432 -0.000411
6.302101 -0.000415
6.308770 -0.000419
6.315438 -0.000423
6.322107 -0.000427
6.328776 -0.000430
6.335445 -0.000434
6.342114 -0.000438
6.348783 -0.000441
6.355452 -0.000445
6.362121 -0.000448
6.368790 -0.000451
6.375458 -0.000453
6.382127 -0.000456
6.388796 -0.000458
6.395465 -0.000460
6.402134 -0.000461
6.408803 -0.000462
6.415472 -0.000463
6.422141 -0.000464
6.428810 -0.000464
6.435478 -0.000464
6.442147 -0.000464
6.448816 -0.000463
6.455485 -0.000462
6.462154 -0.000461
6.468823 -0.000460
6.475492 -0.000458
6.482161 -0.000457
6.488830 -0.000455
6.495498 -0.000453
6.502167 -0.000451
6.508836 -0.000449
6.515505 -0.000447
6.522174 -0.000446
6.528843 -0.000444
6.535512 -0.000442
6.542181 -0.000441
6.548850 -0.000439
6.555519 -0.000438
6.562187 -0.000437
6.568856 -0.000437
6.575525 -0.000437
6.582194 -0.000437
6.588863 -0.000438
6.595532 -0.000439
6.602201 -0.000440
6.608870 -0.000442
6.615539 -0.000444
6.622207 -0.000447
6.628876 -0.000450
6.635545 -0.000453
6.642214 -0.000457
6.648883 -0.000462
6.655552 -0.000467
6.662221 -0.000472
6.668890 -0.000477
6.675559 -0.000483
6.682227 -0.000490
6.688896 -0.000496
6.695565 -0.000503
6.702234 -0.000510
6.708903 -0.000517
6.715572 -0.000525
6.722241 -0.000532
6.728910 -0.000540
6.735579 -0.000547
6.742247 -0.000555
6.748916 -0.000562
6.755585 -0.000570
6.762254 -0.000577
6.768923 -0.000584
6.775592 -0.000591
6.782261 -0.000597
6.788930 -0.000604
6.795599 -0.000610
6.802267 -0.000616
6.808936 -0.000621
6.815605 -0.000626
6.822274 -0.000630
6.828943 -0.000635
6.835612 -0.000639
6.842281 -0.000642
6.848950 -0.000645
6.855619 -0.000648
6.862287 -0.000650
6.868956 -0.000652
6.875625 -0.000653
6.882294 -0.000654
6.888963 -0.000655
6.895632 -0.000656
6.902301 -0.000656
6.908970 -0.000657
6.915639 -0.000657
6.922307 -0.000657
6.928976 -0.000656
6.935645 -0.000656
6.942314 -0.000656
6.948983 -0.000655
6.955652 -0.000655
6.962321 -0.000655
6.968990 -0.000655
6.975659 -0.000655
6.982327 -0.000656
6.988996 -0.000656
6.995665 -0.000657
7.002334 -0.000658
7.009003 -0.000660
7.015672 -0.000661
7.022341 -0.000663
7.029010 -0.000666
7.035679 -0.000669
7.042347 -0.000672
7.049016 -0.000675
7.055685 -0.000679
7.062354 -0.000684
7.069023 -0.000688
7.075692 -0.000693
7.082361 -0.000698
7.089030 -0.000704
7.095699 -0.000709
7.102367 -0.000715
7.109036 -0.000721
7.115705 -0.000727
7.122374 -0.000734
7.129043 -0.000740
7.135712 -0.000746
7.142381 -0.000753
7.149050 -0.000759
7.155719 -0.000765
7.162387 -0.000771
7.169056 -0.000777
7.175725 -0.000783
7.182394 -0.000788
7.189063 -0.000793
7.195732 -0.000798
7.202401 -0.000802
7.209070 -0.000806
7.215739 -0.000810
7.222407 -0.000813
7.229076 -0.000816
7.235745 -0.000819
7.242414 -0.000821
7.249083 -0.000822
7.255752 -0.000823
7.262421 -0.000824
7.269090 -0.000825
7.275759 -0.000825
7.282427 -0.000824
7.289096 -0.000824
7.295765 -0.000823
7.302434 -0.000822
7.309103 -0.000821
7.315772 -0.000819
7.322441 -0.000817
7.329110 -0.000816
7.335779 -0.000814
7.342447 -0.000812
7.349116 -0.000811
7.355785 -0.000809
7.362454 -0.000808
7.369123 -0.000807
7.375792 -0.000806
7.382461 -0.000805
7.389130 -0.000805
7.395799 -0.000805
7.402467 -0.000806
7.409136 -0.000807
7.415805 -0.000809
7.422474 -0.000811
7.429143 -0.000813
7.435812 -0.000816
7.442481 -0.000820
7.449150 -0.000824
7.455819 -0.000829
7.462487 -0.000834
7.469156 -0.000840
7.475825 -0.000847
7.482494 -0.000854
7.489163 -0.000861
7.495832 -0.000869
7.502501 -0.000877
7.509170 -0.000886
7.515839 -0.000894
7.522508 -0.000904
7.529176 -0.000913
7.535845 -0.000923
7.542514 -0.000932
7.549183 -0.000942
7.555852 -0.000952
7.562521 -0.000962
7.569190 -0.000972
7.575859 -0.000981
7.582528 -0.000991
7.589196 -0.001000
7.595865 -0.001009
7.602534 -0.001017
7.609203 -0.001026
7.615872 -0.001033
7.622541 -0.001041
7.629210 -0.001048
7.635879 -0.001054
7.642548 -0.001060
7.649216 -0.001065
7.655885 -0.001070
7.662554 -0.001074
7.669223 -0.001078
7.675892 -0.001081
7.682561 -0.001083
7.689230 -0.001085
7.695899 -0.001087
7.702568 -0.001088
7.709236 -0.001089
7.715905 -0.001089
7.722574 -0.001089
7.729243 -0.001089
7.735912 -0.001088
7.742581 -0.001087
7.749250 -0.001086
7.755919 -0.001085
7.762588 -0.001084
7.769256 -0.001083
7.775925 -0.001082
7.782594 -0.001081
7.789263 -0.001080
7.795932 -0.001080
7.802601 -0.001080
7.809270 -0.001080
7.815939 -0.001080
7.822608 -0.001081
7.829276 -0.001082
7.835945 -0.001084
7.842614 -0.001086
7.849283 -0.001088
7.855952 -0.001091
7.862621 -0.001095
7.869290 -0.001099
7.875959 -0.001103
7.882628 -0.001108
7.889296 -0.001114
7.895965 -0.001120
7.902634 -0.001126
7.909303 -0.001133
7.915972 -0.001140
7.922641 -0.001147
7.929310 -0.001155
7.935979 -0.001163
7.942648 -0.001171
7.949316 -0.001179
7.955985 -0.001187
7.962654 -0.001195
7.969323 -0.001203
7.975992 -0.001211
7.982661 -0.001219
7.989330 -0.001226
7.995999 -0.001233
8.002668 -0.001240
8.009336 -0.001246
8.016005 -0.001252
8.022674 -0.001257
8.029343 -0.001262
8.036012 -0.001267
8.042681 -0.001270
8.049350 -0.001273
8.056019 -0.001276
8.062688 -0.001277
8.069356 -0.001278
8.076025 -0.001279
8.082694 -0.001279
8.089363 -0.001278
8.096032 -0.001276
8.102701 -0.001274
8.109370 -0.001272
8.116039 -0.001269
8.122708 -0.001265
8.129376 -0.001261
8.136045 -0.001256
8.142714 -0.001252
8.149383 -0.001247
8.156052 -0.001242
8.162721 -0.001236
8.169390 -0.001231
8.176059 -0.001226
8.182728 -0.001220
8.189396 -0.001215
8.196065 -0.001210
8.202734 -0.001205
8.209403 -0.001201
8.216072 -0.001197
8.222741 -0.001193
8.229410 -0.001190
8.236079 -0.001188
8.242748 -0.001186
8.249416 -0.001185
8.256085 -0.001184
8.262754 -0.001184
8.269423 -0.001185
8.276092 -0.001186
8.282761 -0.001188
8.289430 -0.001191
8.296099 -0.001194
8.302768 -0.001198
8.309436 -0.001203
8.316105 -0.001208
8.322774 -0.001214
8.329443 -0.001220
8.336112 -0.001227
8.342781 -0.001235
8.349450 -0.001242
8.356119 -0.001250
8.362788 -0.001258
8.369456 -0.001267
8.376125 -0.001275
8.382794 -0.001284
8.389463 -0.001292
8.396132 -0.001301
8.402801 -0.001309
8.409470 -0.001317
8.416139 -0.001325
8.422808 -0.001332
8.429476 -0.001339
8.436145 -0.001345
8.442814 -0.001351
8.449483 -0.001357
8.456152 -0.001362
8.462821 -0.001366
8.469490 -0.001370
8.476159 -0.001373
8.482828 -0.001375
8.489496 -0.001376
8.496165 -0.001377
8.502834 -0.001378
8.509503 -0.001378
8.516172 -0.001377
8.522841 -0.001375
8.529510 -0.001373
8.536179 -0.001371
8.542848 -0.001368
8.549517 -0.001365
8.556185 -0.001361
8.562854 -0.001357
8.569523 -0.001353
8.576192 -0.001349
8.582861 -0.001345
8.589530 -0.001341
8.596199 -0.001337
8.602868 -0.001333
8.609537 -0.001330
8.616205 -0.001327
8.622874 -0.001324
8.629543 -0.001321
8.636212 -0.001319
8.642881 -0.001318
8.649550 -0.001317
8.656219 -0.001317
8.662888 -0.001318
8.669557 -0.001319
8.676225 -0.001321
8.682894 -0.001324
8.689563 -0.001327
8.696232 -0.001331
8.702901 -0.001336
8.709570 -0.001342
8.716239 -0.001348
8.722908 -0.001355
8.729577 -0.001363
8.736245 -0.001371
8.742914 -0.001380
8.749583 -0.001389
8.756252 -0.001399
8.762921 -0.001409
8.769590 -0.001419
8.776259 -0.001429
8.782928 -0.001440
8.789597 -0.001450
8.796265 -0.001461
8.802934 -0.001471
8.809603 -0.001481
8.816272 -0.001491
8.822941 -0.001501
8.829610 -0.001510
8.836279 -0.001518
8.842948 -0.001526
8.849617 -0.001534
8.856285 -0.001541
8.862954 -0.001547
8.869623 -0.001552
8.876292 -0.001556
8.882961 -0.001560
8.889630 -0.001563
8.896299 -0.001565
8.902968 -0.001566
8.909637 -0.001567
8.916305 -0.001566
8.922974 -0.001565
8.929643 -0.001563
8.936312 -0.001561
8.942981 -0.001557
8.949650 -0.001554
8.956319 -0.001549
8.962988 -0.001545
8.969657 -0.001539
8.976325 -0.001534
8.982994 -0.001528
8.989663 -0.001523
8.996332 -0.001517
9.003001 -0.001511
9.009670 -0.001505
9.016339 -0.001500
9.023008 -0.001495
9.029677 -0.001490
9.036345 -0.001486
9.043014 -0.001482
9.049683 -0.001479
9.056352 -0.001477
9.063021 -0.001475
9.069690 -0.001475
9.076359 -0.001475
9.083028 -0.001476
9.089697 -0.001477
9.096365 -0.001480
9.103034 -0.001484
9.109703 -0.001488
9.116372 -0.001494
9.123041 -0.001500
9.129710 -0.001508
9.136379 -0.001516
9.143048 -0.001525
9.149717 -0.001534
9.156385 -0.001545
9.163054 -0.001556
9.169723 -0.001567
9.176392 -0.001579
9.183061 -0.001592
9.189730 -0.001604
9.196399 -0.001617
9.203068 -0.001630
9.209737 -0.001643
9.216405 -0.001656
9.223074 -0.001669
9.229743 -0.001681
9.236412 -0.001693
9.243081 -0.001705
9.249750 -0.001716
9.256419 -0.001727
9.263088 -0.001737
9.269757 -0.001746
9.276425 -0.001754
9.283094 -0.001762
9.289763 -0.001769
9.296432 -0.001775
9.303101 -0.001780
9.309770 -0.001784
9.316439 -0.001787
9.323108 -0.001789
9.329777 -0.001790
9.336445 -0.001790
9.343114 -0.001790
9.349783 -0.001789
9.356452 -0.001786
9.363121 -0.001784
9.369790 -0.001780
9.376459 -0.001777
9.383128 -0.001772
9.389797 -0.001768
9.396465 -0.001763
9.403134 -0.001758
9.409803 -0.001753
9.416472 -0.001747
9.423141 -0.001742
9.429810 -0.001738
9.436479 -0.001733
9.443148 -0.001729
9.449817 -0.001726
9.456485 -0.001723
9.463154 -0.001721
9.469823 -0.001719
9.476492 -0.001719
9.483161 -0.001719
9.489830 -0.001720
9.496499 -0.001722
9.503168 -0.001726
9.509837 -0.001730
9.516506 -0.001735
9.523174 -0.001741
9.529843 -0.001749
9.536512 -0.001757
9.543181 -0.001766
9.549850 -0.001776
9.556519 -0.001788
9.563188 -0.001800
9.569857 -0.001812
9.576526 -0.001826
9.583194 -0.001840
9.589863 -0.001854
9.596532 -0.001869
9.603201 -0.001884
9.609870 -0.001900
9.616539 -0.001915
9.623208 -0.001930
9.629877 -0.001946
9.636546 -0.001961
9.643214 -0.001975
9.649883 -0.001990
9.656552 -0.002003
9.663221 -0.002016
9.669890 -0.002028
9.676559 -0.002040
9.683228 -0.002050
9.689897 -0.002060
9.696566 -0.002068
9.703234 -0.002075
9.709903 -0.002081
9.716572 -0.002086
9.723241 -0.002089
9.729910 -0.002092
9.736579 -0.002093
9.743248 -0.002092
9.749917 -0.002091
9.756586 -0.002088
9.763254 -0.002084
9.769923 -0.002079
9.776592 -0.002073
9.783261 -0.002066
9.789930 -0.002057
9.796599 -0.002048
9.803268 -0.002038
9.809937 -0.002026
9.816606 -0.002014
9.823274 -0.002001
9.829943 -0.001988
9.836612 -0.001974
9.843281 -0.001959
9.849950 -0.001943
9.856619 -0.001927
9.863288 -0.001910
9.869957 -0.001892
9.876626 -0.001873
9.883294 -0.001854
9.889963 -0.001834
9.896632 -0.001812
9.903301 -0.001790
9.909970 -0.001766
9.916639 -0.001740
9.923308 -0.001713
9.929977 -0.001684
9.936646 -0.001652
9.943314 -0.001617
9.949983 -0.001580
9.956652 -0.001539
9.963321 -0.001494
9.969990 -0.001445
9.976659 -0.001391
9.983328 -0.001331
9.989997 -0.001266
9.996666 -0.001194
10.003334 -0.001114
10.010003 -0.001027
10.016672 -0.000931
10.023341 -0.000826
10.030010 -0.000710
10.036679 -0.000584
10.043348 -0.000445
10.050017 -0.000294
10.056686 -0.000129
10.063354 0.000051
10.070023 0.000246
10.076692 0.000458
10.083361 0.000688
10.090030 0.000936
10.096699 0.001203
10.103368 0.001491
10.110037 0.001801
10.116706 0.002134
10.123374 0.002491
10.130043 0.002872
10.136712 0.003280
10.143381 0.003715
10.150050 0.004178
10.156719 0.004670
10.163388 0.005192
10.170057 0.005746
10.176726 0.006332
10.183394 0.006951
10.190063 0.007605
10.196732 0.008294
10.203401 0.009019
10.210070 0.009782
10.216739 0.010582
10.223408 0.011421
10.230077 0.012300
10.236746 0.013220
10.243414 0.014180
10.250083 0.015183
10.256752 0.016228
10.263421 0.017315
10.270090 0.018447
10.276759 0.019623
10.283428 0.020843
10.290097 0.022107
10.296766 0.023418
10.303434 0.024773
10.310103 0.026174
10.316772 0.027621
10.323441 0.029113
10.330110 0.030652
10.336779 0.032236
10.343448 0.033865
10.350117 0.035540
10.356786 0.037260
10.363454 0.039024
10.370123 0.040832
10.376792 0.042684
10.383461 0.044579
10.390130 0.046517
10.396799 0.048496
10.403468 0.050516
10.410137 0.052575
10.416806 0.054674
10.423474 0.056811
10.430143 0.058984
10.436812 0.061193
10.443481 0.063436
10.450150 0.065713
10.456819 0.068021
10.463488 0.070359
10.470157 0.072727
10.476826 0.075121
10.483494 0.077541
10.490163 0.079986
10.496832 0.082453
10.503501 0.084940
10.510170 0.087447
10.516839 0.089971
10.523508 0.092510
10.530177 0.095063
10.536846 0.097628
10.543515 0.100203
10.550183 0.102787
10.556852 0.105377
10.563521 0.107971
10.570190 0.110569
10.576859 0.113167
10.583528 0.115765
10.590197 0.118360
10.596866 0.120952
10.603535 0.123538
10.610203 0.126116
10.616872 0.128686
10.623541 0.131246
10.630210 0.133794
10.636879 0.136329
10.643548 0.138849
10.650217 0.141354
10.656886 0.143843
10.663555 0.146313
10.670223 0.148766
10.676892 0.151198
10.683561 0.153610
10.690230 0.156001
10.696899 0.158370
10.703568 0.160717
10.710237 0.163040
10.716906 0.165341
10.723575 0.167618
10.730243 0.169871
10.736912 0.172100
10.743581 0.174306
10.750250 0.176487
10.756919 0.178644
10.763588 0.180777
10.770257 0.182887
10.776926 0.184973
10.783595 0.187036
10.790263 0.189076
10.796932 0.191094
10.803601 0.193089
10.810270 0.195064
10.816939 0.197017
10.823608 0.198949
10.830277 0.200862
10.836946 0.202755
10.843615 0.204629
10.850283 0.206485
10.856952 0.208322
10.863621 0.210143
10.870290 0.211946
10.876959 0.213732
10.883628 0.215503
10.890297 0.217258
10.896966 0.218998
10.903635 0.220722
10.910303 0.222432
10.916972 0.224128
10.923641 0.225809
10.930310 0.227476
10.936979 0.229129
10.943648 0.230768
10.950317 0.232394
10.956986 0.234005
10.963655 0.235602
10.970323 0.237185
10.976992 0.238754
10.983661 0.240308
10.990330 0.241847
10.996999 0.243371
11.003668 0.244879
11.010337 0.246371
11.017006 0.247847
11.023675 0.249307
11.030343 0.250749
11.037012 0.252174
11.043681 0.253581
11.050350 0.254970
11.057019 0.256340
11.063688 0.257690
11.070357 0.259021
11.077026 0.260332
11.083695 0.261622
11.090363 0.262892
11.097032 0.264140
11.103701 0.265368
11.110370 0.266574
11.117039 0.267758
11.123708 0.268920
11.130377 0.270061
11.137046 0.271179
11.143715 0.272276
11.150383 0.273351
11.157052 0.274404
11.163721 0.275436
11.170390 0.276446
11.177059 0.277436
11.183728 0.278405
11.190397 0.279354
11.197066 0.280284
11.203735 0.281194
11.210403 0.282086
11.217072 0.282960
11.223741 0.283816
11.230410 0.284656
11.237079 0.285479
11.243748 0.286287
11.250417 0.287081
11.257086 0.287861
11.263755 0.288627
11.270423 0.289381
11.277092 0.290123
11.283761 0.290854
11.290430 0.291574
11.297099 0.292285
11.303768 0.292986
11.310437 0.293679
11.317106 0.294363
11.323775 0.295040
11.330443 0.295709
11.337112 0.296371
11.343781 0.297027
11.350450 0.297675
11.357119 0.298318
11.363788 0.298954
11.370457 0.299584
11.377126 0.300207
11.383795 0.300823
11.390463 0.301433
11.397132 0.302035
11.403801 0.302630
11.410470 0.303217
11.417139 0.303795
11.423808 0.304363
11.430477 0.304922
11.437146 0.305470
11.443815 0.306007
11.450483 0.306531
11.457152 0.307041
11.463821 0.307538
11.470490 0.308019
11.477159 0.308484
11.483828 0.308932
11.490497 0.309362
11.497166 0.309772
11.503835 0.310162
11.510504 0.310530
11.517172 0.310876
11.523841 0.311198
11.530510 0.311495
11.537179 0.311767
11.543848 0.312013
11.550517 0.312231
11.557186 0.312420
11.563855 0.312581
11.570524 0.312711
11.577192 0.312812
11.583861 0.312880
11.590530 0.312917
11.597199 0.312922
11.603868 0.312894
11.610537 0.312833
11.617206 0.312738
11.623875 0.312610
11.630544 0.312448
11.637212 0.312252
11.643881 0.312022
11.650550 0.311758
11.657219 0.311460
11.663888 0.311128
11.670557 0.310764
11.677226 0.310366
11.683895 0.309935
11.690564 0.309471
11.697232 0.308976
11.703901 0.308449
11.710570 0.307890
11.717239 0.307301
11.723908 0.306681
11.730577 0.306032
11.737246 0.305354
11.743915 0.304647
11.750584 0.303911
11.757252 0.303148
11.763921 0.302358
11.770590 0.301542
11.777259 0.300699
11.783928 0.299831
11.790597 0.298937
11.797266 0.298019
11.803935 0.297077
11.810604 0.296110
11.817272 0.295121
11.823941 0.294108
11.830610 0.293072
11.837279 0.292014
11.843948 0.290933
11.850617 0.289831
11.857286 0.288708
11.863955 0.287563
11.870624 0.286397
11.877292 0.285210
11.883961 0.284003
11.890630 0.282776
11.897299 0.281529
11.903968 0.280263
11.910637 0.278978
11.917306 0.277674
11.923975 0.276351
11.930644 0.275011
11.937312 0.273654
11.943981 0.272280
11.950650 0.270890
11.957319 0.269485
11.963988 0.268065
11.970657 0.266631
11.977326 0.265184
11.983995 0.263725
11.990664 0.262255
11.997332 0.260775
12.004001 0.259286
12.010670 0.257790
12.017339 0.256288
12.024008 0.254780
12.030677 0.253269
12.037346 0.251756
12.044015 0.250242
12.050684 0.248728
12.057352 0.247218
12.064021 0.245711
12.070690 0.244210
12.077359 0.242716
12.084028 0.241231
12.090697 0.239757
12.097366 0.238294
12.104035 0.236846
12.110704 0.235412
12.117372 0.233995
12.124041 0.232597
12.130710 0.231217
12.137379 0.229858
12.144048 0.228521
12.150717 0.227207
12.157386 0.225917
12.164055 0.224651
12.170724 0.223411
12.177392 0.222196
12.184061 0.221007
12.190730 0.219844
12.197399 0.218708
12.204068 0.217598
12.210737 0.216513
12.217406 0.215454
12.224075 0.214420
12.230744 0.213409
12.237412 0.212421
12.244081 0.211454
12.250750 0.210507
12.257419 0.209579
12.264088 0.208667
12.270757 0.207770
12.277426 0.206885
12.284095 0.206011
12.290764 0.205144
12.297432 0.204283
12.304101 0.203425
12.310770 0.202567
12.317439 0.201706
12.324108 0.200839
12.330777 0.199964
12.337446 0.199078
12.344115 0.198177
12.350784 0.197258
12.357452 0.196319
12.364121 0.195357
12.370790 0.194369
12.377459 0.193351
12.384128 0.192302
12.390797 0.191218
12.397466 0.190098
12.404135 0.188938
12.410804 0.187738
12.417472 0.186493
12.424141 0.185204
12.430810 0.183868
12.437479 0.182484
12.444148 0.181050
12.450817 0.179567
12.457486 0.178032
12.464155 0.176446
12.470824 0.174808
12.477492 0.173120
12.484161 0.171380
12.490830 0.169589
12.497499 0.167749
12.504168 0.165861
12.510837 0.163926
12.517506 0.161945
12.524175 0.159921
12.530844 0.157856
12.537513 0.155752
12.544181 0.153611
12.550850 0.151438
12.557519 0.149233
12.564188 0.147002
12.570857 0.144746
12.577526 0.142471
12.584195 0.140178
12.590864 0.137872
12.597533 0.135557
12.604201 0.133236
12.610870 0.130914
12.617539 0.128594
12.624208 0.126280
12.630877 0.123977
12.637546 0.121687
12.644215 0.119416
12.650884 0.117167
12.657553 0.114943
12.664221 0.112748
12.670890 0.110585
12.677559 0.108458
12.684228 0.106370
12.690897 0.104324
12.697566 0.102323
12.704235 0.100369
12.710904 0.098464
12.717573 0.096612
12.724241 0.094813
12.730910 0.093070
12.737579 0.091384
12.744248 0.089756
12.750917 0.088188
12.757586 0.086680
12.764255 0.085233
12.770924 0.083847
12.777593 0.082522
12.784261 0.081258
12.790930 0.080056
12.797599 0.078913
12.804268 0.077830
12.810937 0.076806
12.817606 0.075840
12.824275 0.074931
12.830944 0.074076
12.837613 0.073276
12.844281 0.072527
12.850950 0.071830
12.857619 0.071181
12.864288 0.070579
12.870957 0.070022
12.877626 0.069508
12.884295 0.069036
12.890964 0.068602
12.897633 0.068207
12.904301 0.067847
12.910970 0.067521
12.917639 0.067227
12.924308 0.066963
12.930977 0.066728
12.937646 0.066520
12.944315 0.066338
12.950984 0.066180
12.957653 0.066046
12.964321 0.065933
12.970990 0.065842
12.977659 0.065772
12.984328 0.065721
12.990997 0.065689
12.997666 0.065677
13.004335 0.065683
13.011004 0.065707
13.017673 0.065751
13.024341 0.065813
13.031010 0.065894
13.037679 0.065995
13.044348 0.066117
13.051017 0.066259
13.057686 0.066423
13.064355 0.066610
13.071024 0.066820
13.077693 0.067055
13.084361 0.067316
13.091030 0.067604
13.097699 0.067921
13.104368 0.068266
13.111037 0.068643
13.117706 0.069052
13.124375 0.069495
13.131044 0.069972
13.137713 0.070486
13.144381 0.071037
13.151050 0.071627
13.157719 0.072257
13.164388 0.072927
13.171057 0.073640
13.177726 0.074396
13.184395 0.075195
13.191064 0.076040
13.197733 0.076929
13.204401 0.077865
13.211070 0.078848
13.217739 0.079877
13.224408 0.080954
13.231077 0.082078
13.237746 0.083250
13.244415 0.084469
13.251084 0.085735
13.257753 0.087048
13.264421 0.088408
13.271090 0.089814
13.277759 0.091265
13.284428 0.092760
13.291097 0.094300
13.297766 0.095882
13.304435 0.097507
13.311104 0.099171
13.317773 0.100876
13.324441 0.102618
13.331110 0.104397
13.337779 0.106212
13.344448 0.108061
13.351117 0.109942
13.357786 0.111854
13.364455 0.113794
13.371124 0.115763
13.377793 0.117757
13.384461 0.119776
13.391130 0.121817
13.397799 0.123878
13.404468 0.125959
13.411137 0.128057
13.417806 0.130170
13.424475 0.132298
13.431144 0.134437
13.437813 0.136588
13.444481 0.138747
13.451150 0.140913
13.457819 0.143085
13.464488 0.145262
13.471157 0.147441
13.477826 0.149621
13.484495 0.151801
13.491164 0.153980
13.497833 0.156156
13.504502 0.158328
13.511170 0.160494
13.517839 0.162654
13.524508 0.164806
13.531177 0.166949
13.537846 0.169082
13.544515 0.171205
13.551184 0.173315
13.557853 0.175413
13.564522 0.177497
13.571190 0.179567
13.577859 0.181621
13.584528 0.183659
13.591197 0.185681
13.597866 0.187685
13.604535 0.189670
13.611204 0.191637
13.617873 0.193585
13.624542 0.195513
13.631210 0.197421
13.637879 0.199308
13.644548 0.201173
13.651217 0.203017
13.657886 0.204839
13.664555 0.206639
13.671224 0.208417
13.677893 0.210172
13.684562 0.211904
13.691230 0.213613
13.697899 0.215299
13.704568 0.216961
13.711237 0.218601
13.717906 0.220217
13.724575 0.221810
13.731244 0.223380
13.737913 0.224928
13.744582 0.226452
13.751250 0.227955
13.757919 0.229435
13.764588 0.230893
13.771257 0.232330
13.777926 0.233747
13.784595 0.235142
13.791264 0.236518
13.797933 0.237875
13.804602 0.239212
13.811270 0.240532
13.817939 0.241834
13.824608 0.243120
13.831277 0.244390
13.837946 0.245644
13.844615 0.246885
13.851284 0.248112
13.857953 0.249326
13.864622 0.250529
13.871290 0.251721
13.877959 0.252904
13.884628 0.254078
13.891297 0.255243
13.897966 0.256403
13.904635 0.257556
13.911304 0.258704
13.917973 0.259848
13.924642 0.260989
13.931310 0.262128
13.937979 0.263266
13.944648 0.264403
13.951317 0.265540
13.957986 0.266679
13.964655 0.267819
13.971324 0.268962
13.977993 0.270107
13.984662 0.271256
13.991330 0.272409
13.997999 0.273567
14.004668 0.274729
14.011337 0.275896
14.018006 0.277069
14.024675 0.278246
14.031344 0.279429
14.038013 0.280616
14.044682 0.281809
14.051350 0.283006
14.058019 0.284208
14.064688 0.285413
14.071357 0.286621
14.078026 0.287832
14.084695 0.289045
14.091364 0.290258
14.098033 0.291471
14.104702 0.292684
14.111370 0.293894
14.118039 0.295100
14.124708 0.296302
14.131377 0.297497
14.138046 0.298685
14.144715 0.299864
14.151384 0.301031
14.158053 0.302186
14.164722 0.303327
14.171390 0.304451
14.178059 0.305557
14.184728 0.306644
14.191397 0.307708
14.198066 0.308749
14.204735 0.309763
14.211404 0.310749
14.218073 0.311705
14.224742 0.312629
14.231410 0.313518
14.238079 0.314371
14.244748 0.315185
14.251417 0.315958
14.258086 0.316688
14.264755 0.317374
14.271424 0.318012
14.278093 0.318602
14.284762 0.319140
14.291430 0.319626
14.298099 0.320056
14.304768 0.320431
14.311437 0.320746
14.318106 0.321002
14.324775 0.321196
14.331444 0.321326
14.338113 0.321392
14.344782 0.321391
14.351450 0.321323
14.358119 0.321186
14.364788 0.320979
14.371457 0.320701
14.378126 0.320350
14.384795 0.319927
14.391464 0.319430
14.398133 0.318858
14.404802 0.318211
14.411470 0.317489
14.418139 0.316690
14.424808 0.315815
14.431477 0.314863
14.438146 0.313835
14.444815 0.312730
14.451484 0.311547
14.458153 0.310288
14.464822 0.308953
14.471490 0.307542
14.478159 0.306054
14.484828 0.304492
14.491497 0.302854
14.498166 0.301143
14.504835 0.299359
14.511504 0.297501
14.518173 0.295573
14.524842 0.293573
14.531511 0.291504
14.538179 0.289366
14.544848 0.287160
14.551517 0.284889
14.558186 0.282552
14.564855 0.280151
14.571524 0.277689
14.578193 0.275165
14.584862 0.272582
14.591531 0.269940
14.598199 0.267243
14.604868 0.264490
14.611537 0.261684
14.618206 0.258827
14.624875 0.255920
14.631544 0.252965
14.638213 0.249964
14.644882 0.246918
14.651551 0.243829
14.658219 0.240700
14.664888 0.237532
14.671557 0.234327
14.678226 0.231087
14.684895 0.227814
14.691564 0.224510
14.698233 0.221177
14.704902 0.217817
14.711571 0.214432
14.718239 0.211025
14.724908 0.207597
14.731577 0.204150
14.738246 0.200687
14.744915 0.197210
14.751584 0.193720
14.758253 0.190221
14.764922 0.186715
14.771591 0.183203
14.778259 0.179687
14.784928 0.176171
14.791597 0.172656
14.798266 0.169145
14.804935 0.165640
14.811604 0.162142
14.818273 0.158655
14.824942 0.155180
14.831611 0.151721
14.838279 0.148278
14.844948 0.144854
14.851617 0.141451
14.858286 0.138072
14.864955 0.134719
14.871624 0.131393
14.878293 0.128097
14.884962 0.124833
14.891631 0.121603
14.898299 0.118408
14.904968 0.115251
14.911637 0.112133
14.918306 0.109056
14.924975 0.106022
14.931644 0.103032
14.938313 0.100088
14.944982 0.097192
14.951651 0.094344
14.958319 0.091546
14.964988 0.088800
14.971657 0.086105
14.978326 0.083465
14.984995 0.080878
14.991664 0.078347
14.998333 0.075871
15.005002 0.073452
15.011671 0.071090
15.018339 0.068785
15.025008 0.066537
15.031677 0.064348
15.038346 0.062216
15.045015 0.060143
15.051684 0.058127
15.058353 0.056168
15.065022 0.054267
15.071691 0.052422
15.078359 0.050634
15.085028 0.048901
15.091697 0.047224
15.098366 0.045600
15.105035 0.044030
15.111704 0.042513
15.118373 0.041046
15.125042 0.039631
15.131711 0.038264
15.138379 0.036946
15.145048 0.035674
15.151717 0.034449
15.158386 0.033267
15.165055 0.032129
15.171724 0.031033
15.178393 0.029978
15.185062 0.028962
15.191731 0.027984
15.198399 0.027042
15.205068 0.026136
15.211737 0.025264
15.218406 0.024425
15.225075 0.023618
15.231744 0.022842
15.238413 0.022095
15.245082 0.021376
15.251751 0.020684
15.258419 0.020019
15.265088 0.019379
15.271757 0.018764
15.278426 0.018172
15.285095 0.017604
15.291764 0.017057
15.298433 0.016533
15.305102 0.016029
15.311771 0.015545
15.318439 0.015082
15.325108 0.014638
15.331777 0.014214
15.338446 0.013808
15.345115 0.013421
15.351784 0.013052
15.358453 0.012702
15.365122 0.012369
15.371791 0.012055
15.378459 0.011759
15.385128 0.011480
15.391797 0.011219
15.398466 0.010976
15.405135 0.010751
15.411804 0.010544
15.418473 0.010355
15.425142 0.010184
15.431811 0.010030
15.438479 0.009895
15.445148 0.009778
15.451817 0.009678
15.458486 0.009597
15.465155 0.009534
15.471824 0.009489
15.478493 0.009462
15.485162 0.009453
15.491831 0.009461
15.498499 0.009488
15.505168 0.009532
15.511837 0.009594
15.518506 0.009673
15.525175 0.009769
15.531844 0.009883
15.538513 0.010013
15.545182 0.010161
15.551851 0.010324
15.558520 0.010505
15.565188 0.010701
15.571857 0.010913
15.578526 0.011142
15.585195 0.011386
15.591864 0.011645
15.598533 0.011919
15.605202 0.012209
15.611871 0.012514
15.618540 0.012834
15.625208 0.013169
15.631877 0.013519
15.638546 0.013883
15.645215 0.014263
15.651884 0.014658
15.658553 0.015067
15.665222 0.015492
15.671891 0.015932
15.678560 0.016388
15.685228 0.016860
15.691897 0.017348
15.698566 0.017853
15.705235 0.018374
15.711904 0.018912
15.718573 0.019469
15.725242 0.020043
15.731911 0.020636
15.738580 0.021247
15.745248 0.021879
15.751917 0.022530
15.758586 0.023202
15.765255 0.023896
15.771924 0.024611
15.778593 0.025349
15.785262 0.026109
15.791931 0.026893
15.798600 0.027702
15.805268 0.028535
15.811937 0.029394
15.818606 0.030278
15.825275 0.031190
15.831944 0.032129
15.838613 0.033095
15.845282 0.034091
15.851951 0.035116
15.858620 0.036170
15.865288 0.037256
15.871957 0.038373
15.878626 0.039522
15.885295 0.040705
15.891964 0.041921
15.898633 0.043173
15.905302 0.044461
15.911971 0.045786
15.918640 0.047149
15.925308 0.048553
15.931977 0.049998
15.938646 0.051486
15.945315 0.053019
15.951984 0.054599
15.958653 0.056228
15.965322 0.057908
15.971991 0.059642
15.978660 0.061433
15.985328 0.063284
15.991997 0.065198
15.998666 0.067179
16.005335 0.069230
16.012004 0.071356
16.018673 0.073561
16.025342 0.075849
16.032011 0.078226
16.038680 0.080697
16.045348 0.083267
16.052017 0.085942
16.058686 0.088729
16.065355 0.091634
16.072024 0.094663
16.078693 0.097824
16.085362 0.101124
16.092031 0.104570
16.098700 0.108170
16.105368 0.111932
16.112037 0.115864
16.118706 0.119975
16.125375 0.124272
16.132044 0.128764
16.138713 0.133460
16.145382 0.138368
16.152051 0.143496
16.158720 0.148853
16.165388 0.154447
16.172057 0.160287
16.178726 0.166380
16.185395 0.172734
16.192064 0.179357
16.198733 0.186255
16.205402 0.193436
16.212071 0.200905
16.218740 0.208669
16.225408 0.216732
16.232077 0.225100
16.238746 0.233776
16.245415 0.242764
16.252084 0.252066
16.258753 0.261684
16.265422 0.271620
16.272091 0.281873
16.278760 0.292444
16.285428 0.303330
16.292097 0.314529
16.298766 0.326039
16.305435 0.337853
16.312104 0.349968
16.318773 0.362377
16.325442 0.375073
16.332111 0.388047
16.338780 0.401290
16.345448 0.414793
16.352117 0.428543
16.358786 0.442528
16.365455 0.456737
16.372124 0.471154
16.378793 0.485765
16.385462 0.500554
16.392131 0.515506
16.398800 0.530602
16.405468 0.545825
16.412137 0.561157
16.418806 0.576579
16.425475 0.592071
16.432144 0.607614
16.438813 0.623188
16.445482 0.638771
16.452151 0.654344
16.458820 0.669885
16.465488 0.685374
16.472157 0.700790
16.478826 0.716113
16.485495 0.731321
16.492164 0.746395
16.498833 0.761315
16.505502 0.776061
16.512171 0.790615
16.518840 0.804958
16.525509 0.819072
16.532177 0.832941
16.538846 0.846548
16.545515 0.859878
16.552184 0.872915
16.558853 0.885647
16.565522 0.898061
16.572191 0.910146
16.578860 0.921889
16.585529 0.933283
16.592197 0.944318
16.598866 0.954987
16.605535 0.965284
16.612204 0.975203
16.618873 0.984741
16.625542 0.993894
16.632211 1.002661
16.638880 1.011041
16.645549 1.019033
16.652217 1.026639
16.658886 1.033862
16.665555 1.040703
16.672224 1.047167
16.678893 1.053259
16.685562 1.058984
16.692231 1.064347
16.698900 1.069356
16.705569 1.074018
16.712237 1.078340
16.718906 1.082330
16.725575 1.085998
16.732244 1.089350
16.738913 1.092397
16.745582 1.095148
16.752251 1.097610
16.758920 1.099793
16.765589 1.101705
16.772257 1.103356
16.778926 1.104753
16.785595 1.105904
16.792264 1.106817
16.798933 1.107499
16.805602 1.107957
16.812271 1.108197
16.818940 1.108223
16.825609 1.108042
16.832277 1.107656
16.838946 1.107071
16.845615 1.106288
16.852284 1.105309
16.858953 1.104137
16.865622 1.102772
16.872291 1.101213
16.878960 1.099460
16.885629 1.097511
16.892297 1.095366
16.898966 1.093019
16.905635 1.090469
16.912304 1.087712
16.918973 1.084743
16.925642 1.081557
16.932311 1.078149
16.938980 1.074514
16.945649 1.070644
16.952317 1.066536
16.958986 1.062181
16.965655 1.057574
16.972324 1.052708
16.978993 1.047577
16.985662 1.042174
16.992331 1.036494
16.999000 1.030531
17.005669 1.024279
17.012337 1.017733
17.019006 1.010889
17.025675 1.003742
17.032344 0.996290
17.039013 0.988529
17.045682 0.980457
17.052351 0.972073
17.059020 0.963376
17.065689 0.954368
17.072357 0.945047
17.079026 0.935418
17.085695 0.925483
17.092364 0.915246
17.099033 0.904712
17.105702 0.893886
17.112371 0.882776
17.119040 0.871389
17.125709 0.859735
17.132377 0.847823
17.139046 0.835663
17.145715 0.823267
17.152384 0.810648
17.159053 0.797819
17.165722 0.784793
17.172391 0.771585
17.179060 0.758211
17.185729 0.744686
17.192397 0.731027
17.199066 0.717251
17.205735 0.703375
17.212404 0.689416
17.219073 0.675394
17.225742 0.661325
17.232411 0.647229
17.239080 0.633123
17.245749 0.619025
17.252417 0.604955
17.259086 0.590929
17.265755 0.576966
17.272424 0.563083
17.279093 0.549298
17.285762 0.535626
17.292431 0.522084
17.299100 0.508687
17.305769 0.495451
17.312437 0.482390
17.319106 0.469517
17.325775 0.456844
17.332444 0.444384
17.339113 0.432149
17.345782 0.420147
17.352451 0.408390
17.359120 0.396884
17.365789 0.385638
17.372457 0.374658
17.379126 0.363950
17.385795 0.353519
17.392464 0.343368
17.399133 0.333501
17.405802 0.323920
17.412471 0.314625
17.419140 0.305617
17.425809 0.296895
17.432477 0.288459
17.439146 0.280306
17.445815 0.272434
17.452484 0.264839
17.459153 0.257516
17.465822 0.250462
17.472491 0.243671
17.479160 0.237137
17.485829 0.230855
17.492497 0.224817
17.499166 0.219018
17.505835 0.213449
17.512504 0.208103
17.519173 0.202974
17.525842 0.198053
17.532511 0.193332
17.539180 0.188803
17.545849 0.184460
17.552518 0.180293
17.559186 0.176294
17.565855 0.172458
17.572524 0.168775
17.579193 0.165239
17.585862 0.161842
17.592531 0.158578
17.599200 0.155439
17.605869 0.152420
17.612538 0.149515
17.619206 0.146717
17.625875 0.144021
17.632544 0.141422
17.639213 0.138916
17.645882 0.136497
17.652551 0.134162
17.659220 0.131907
17.665889 0.129728
17.672558 0.127621
17.679226 0.125585
17.685895 0.123617
17.692564 0.121713
17.699233 0.119872
17.705902 0.118093
17.712571 0.116373
17.719240 0.114711
17.725909 0.113105
17.732578 0.111555
17.739246 0.110060
17.745915 0.108618
17.752584 0.107230
17.759253 0.105893
17.765922 0.104609
17.772591 0.103375
17.779260 0.102192
17.785929 0.101059
17.792598 0.099975
17.799266 0.098940
17.805935 0.097954
17.812604 0.097014
17.819273 0.096122
17.825942 0.095275
17.832611 0.094473
17.839280 0.093715
17.845949 0.093000
17.852618 0.092327
17.859286 0.091693
17.865955 0.091099
17.872624 0.090542
17.879293 0.090021
17.885962 0.089534
17.892631 0.089080
17.899300 0.088656
17.905969 0.088260
17.912638 0.087892
17.919306 0.087547
17.925975 0.087226
17.932644 0.086924
17.939313 0.086641
17.945982 0.086374
17.952651 0.086121
17.959320 0.085880
17.965989 0.085649
17.972658 0.085425
17.979326 0.085207
17.985995 0.084993
17.992664 0.084780
17.999333 0.084567
18.006002 0.084353
18.012671 0.084135
18.019340 0.083913
18.026009 0.083684
18.032678 0.083448
18.039346 0.083203
18.046015 0.082948
18.052684 0.082682
18.059353 0.082405
18.066022 0.082116
18.072691 0.081815
18.079360 0.081500
18.086029 0.081173
18.092698 0.080832
18.099366 0.080478
18.106035 0.080111
18.112704 0.079732
18.119373 0.079339
18.126042 0.078935
18.132711 0.078520
18.139380 0.078094
18.146049 0.077658
18.152718 0.077213
18.159386 0.076760
18.166055 0.076300
18.172724 0.075833
18.179393 0.075361
18.186062 0.074885
18.192731 0.074406
18.199400 0.073924
18.206069 0.073442
18.212738 0.072959
18.219406 0.072478
18.226075 0.071999
18.232744 0.071522
18.239413 0.071050
18.246082 0.070582
18.252751 0.070120
18.259420 0.069665
18.266089 0.069216
18.272758 0.068776
18.279426 0.068343
18.286095 0.067920
18.292764 0.067506
18.299433 0.067101
18.306102 0.066706
18.312771 0.066322
18.319440 0.065947
18.326109 0.065583
18.332778 0.065229
18.339446 0.064885
18.346115 0.064551
18.352784 0.064227
18.359453 0.063913
18.366122 0.063608
18.372791 0.063312
18.379460 0.063024
18.386129 0.062745
18.392798 0.062473
18.399466 0.062208
18.406135 0.061949
18.412804 0.061697
18.419473 0.061450
18.426142 0.061209
18.432811 0.060971
18.439480 0.060737
18.446149 0.060507
18.452818 0.060279
18.459486 0.060054
18.466155 0.059830
18.472824 0.059607
18.479493 0.059385
18.486162 0.059164
18.492831 0.058942
18.499500 0.058720
18.506169 0.058497
18.512838 0.058273
18.519507 0.058048
18.526175 0.057821
18.532844 0.057593
18.539513 0.057362
18.546182 0.057130
18.552851 0.056895
18.559520 0.056658
18.566189 0.056419
18.572858 0.056177
18.579527 0.055934
18.586195 0.055688
18.592864 0.055440
18.599533 0.055191
18.606202 0.054939
18.612871 0.054686
18.619540 0.054431
18.626209 0.054175
18.632878 0.053917
18.639547 0.053659
18.646215 0.053399
18.652884 0.053139
18.659553 0.052878
18.666222 0.052617
18.672891 0.052355
18.679560 0.052093
18.686229 0.051832
18.692898 0.051570
18.699567 0.051308
18.706235 0.051047
18.712904 0.050786
18.719573 0.050525
18.726242 0.050265
18.732911 0.050005
18.739580 0.049746
18.746249 0.049487
18.752918 0.049228
18.759587 0.048970
18.766255 0.048712
18.772924 0.048454
18.779593 0.048196
18.786262 0.047938
18.792931 0.047679
18.799600 0.047420
18.806269 0.047161
18.812938 0.046901
18.819607 0.046639
18.826275 0.046377
18.832944 0.046114
18.839613 0.045849
18.846282 0.045582
18.852951 0.045313
18.859620 0.045043
18.866289 0.044770
18.872958 0.044494
18.879627 0.044217
18.886295 0.043936
18.892964 0.043652
18.899633 0.043366
18.906302 0.043076
18.912971 0.042783
18.919640 0.042487
18.926309 0.042188
18.932978 0.041885
18.939647 0.041578
18.946315 0.041268
18.952984 0.040955
18.959653 0.040638
18.966322 0.040318
18.972991 0.039995
18.979660 0.039669
18.986329 0.039339
18.992998 0.039007
18.999667 0.038672
19.006335 0.038335
19.013004 0.037995
19.019673 0.037653
19.026342 0.037310
19.033011 0.036964
19.039680 0.036618
19.046349 0.036271
19.053018 0.035923
19.059687 0.035575
19.066355 0.035227
19.073024 0.034880
19.079693 0.034533
19.086362 0.034188
19.093031 0.033844
19.099700 0.033502
19.106369 0.033163
19.113038 0.032826
19.119707 0.032493
19.126375 0.032164
19.133044 0.031839
19.139713 0.031518
19.146382 0.031202
19.153051 0.030891
19.159720 0.030587
19.166389 0.030288
19.173058 0.029996
19.179727 0.029711
19.186395 0.029433
19.193064 0.029163
19.199733 0.028900
19.206402 0.028646
19.213071 0.028401
19.219740 0.028164
19.226409 0.027936
19.233078 0.027718
19.239747 0.027510
19.246415 0.027311
19.253084 0.027122
19.259753 0.026943
19.266422 0.026775
19.273091 0.026617
19.279760 0.026469
19.286429 0.026332
19.293098 0.026205
19.299767 0.026089
19.306435 0.025984
19.313104 0.025889
19.319773 0.025805
19.326442 0.025731
19.333111 0.025667
19.339780 0.025613
19.346449 0.025569
19.353118 0.025535
19.359787 0.025511
19.366455 0.025496
19.373124 0.025490
19.379793 0.025492
19.386462 0.025503
19.393131 0.025523
19.399800 0.025550
19.406469 0.025584
19.413138 0.025626
19.419807 0.025674
19.426475 0.025728
19.433144 0.025789
19.439813 0.025854
19.446482 0.025925
19.453151 0.026000
19.459820 0.026078
19.466489 0.026161
19.473158 0.026246
19.479827 0.026334
19.486495 0.026423
19.493164 0.026514
19.499833 0.026606
19.506502 0.026698
19.513171 0.026790
19.519840 0.026881
19.526509 0.026971
19.533178 0.027060
19.539847 0.027146
19.546516 0.027229
19.553184 0.027309
19.559853 0.027385
19.566522 0.027457
19.573191 0.027524
19.579860 0.027585
19.586529 0.027641
19.593198 0.027691
19.599867 0.027735
19.606536 0.027771
19.613204 0.027801
19.619873 0.027822
19.626542 0.027836
19.633211 0.027841
19.639880 0.027838
19.646549 0.027826
19.653218 0.027805
19.659887 0.027775
19.666556 0.027735
19.673224 0.027687
19.679893 0.027628
19.686562 0.027561
19.693231 0.027483
19.699900 0.027397
19.706569 0.027301
19.713238 0.027195
19.719907 0.027081
19.726576 0.026958
19.733244 0.026827
19.739913 0.026687
19.746582 0.026540
19.753251 0.026385
19.759920 0.026224
19.766589 0.026056
19.773258 0.025882
19.779927 0.025703
19.786596 0.025520
19.793264 0.025333
19.799933 0.025143
19.806602 0.024951
19.813271 0.024757
19.819940 0.024563
19.826609 0.024370
19.833278 0.024177
19.839947 0.023987
19.846616 0.023801
19.853284 0.023619
19.859953 0.023442
19.866622 0.023272
19.873291 0.023110
19.879960 0.022957
19.886629 0.022813
19.893298 0.022681
19.899967 0.022561
19.906636 0.022454
19.913304 0.022361
19.919973 0.022284
19.926642 0.022224
19.933311 0.022181
19.939980 0.022157
19.946649 0.022153
19.953318 0.022170
19.959987 0.022208
19.966656 0.022268
19.973324 0.022352
19.979993 0.022460
19.986662 0.022593
19.993331 0.022752
20.000000 0.022936
